Skrajne punkty:
	Prawa: 4.108437e+05 km, 1.469823e+02 km
	Lewa: -3.634267e+05 km, -1.307455e+03 km
	Gora: 2.153055e+04 km, 3.834202e+05 km
	Dol: 2.333575e+04 km, -3.869806e+05 km
Parametry elipsy:
	a = 387135.172498 km (384400 km)
	b = 385200.364189 km
	c = 22433.150201 km
	e = 0.057947 (0.0554)
	x^2/a^2 + y^2/b^2 ?= 1 : 0.9978154 +- 0.0097111
Okres obiegu >= 27.437500 d (27.321661 d)
