Skrajne punkty:
	Prawa: 4.056960e+05 km, 0.000000e+00 km
	Lewa: -3.613174e+05 km, -8.256771e+01 km
	Gora: 2.236859e+04 km, 3.828642e+05 km
	Dol: 2.215511e+04 km, -3.828643e+05 km
Parametry elipsy:
	a = 383506.704371 km (384400 km)
	b = 382864.232661 km
	c = 22261.845777 km
	e = 0.058048 (0.0554)
	x^2/a^2 + y^2/b^2 ?= 1 : 1.0000958 +- 0.0003069
Okres obiegu >= 27.187500 d (27.321661 d)
